


该网络一共6632个参数，具体如下
卷积层理解：
假设输入图像为x,卷积核参数为a，偏置参数为b，
卷积的过程就是a*x+b

输入图形大小为1*3*12*12(个数*通道数*高度*宽度)
第一个卷积层，参数个数为3*3*3*10=270个（上一层3个通道*卷积核长*卷积核宽*卷积核个数），输出图形大小为1*10*10*10
layer: conv1 weight(270)
1		-0.081647 -0.015041 0.124574
 		0.835915 0.237985 -0.410818 
		 1.246497 -1.345264 -0.580772 
 
 
2 		-0.266310 0.297525 0.103010 
 		0.852155 0.320185 -0.332118
  	0.517439 -1.090649 -0.496332
  
  
3   -0.136890 0.101613 -0.179337
    0.016412 0.435900 -0.103418
     0.033679 -0.216379 0.059705
     
     
4      0.487901 0.325133 0.785140 
      -0.874864 -0.789960 0.271340 
      -2.402356 -0.724399 0.254500 
      
      
5      -0.494568 -0.131294 -0.250074 
      0.271037 -0.316266 -0.183971 
      1.137049 0.523462 0.691395
      
      
       
6      -0.295790 0.230391 -0.601448       
      1.187983 0.425637 -0.230948 
      1.259137 0.674221 -0.964406 
      
      
      
7      -0.704202 -0.054862 -0.533750  
       0.181636 0.166929 -0.099706
        -0.361584 0.203099 -0.237704
        
        
        
8         0.644140 0.524010 0.563415 
         0.268567 0.119582 0.094966
          0.331961 0.359703 0.314662
          
          
          
9           0.393374 -0.111593 0.710342 
           -0.229092 -0.428691 -0.133927 
           0.315027 -0.311975 0.111504 
           
           
 10          -2.042076 -1.351838 0.272196
            -0.530796 0.971495 1.166892 
            0.161209 0.659265 0.400145
            
            
            
            
11             -0.061988 -0.346833 -0.511489
              -0.126107 0.013289 0.150164
               0.585002 0.569042 -0.237012
               
               
               
12                0.186118 -0.358460 -0.099283
                 -0.416655 -0.308389 0.199427
                  -0.236350 0.325002 0.854082 
                  
                  
                  
13                  -1.444077 -0.890041 0.207844 
                  3.115788 0.844613 0.256578 
                  -1.282601 -0.779522 -0.048321 
                  
                  
14                  -1.126983 -0.049206 0.075863
                   2.338004 0.337564 0.053949 
                   -1.137450 -0.468766 -0.020754
                   
                   
                   
15                    -0.591744 0.437087 -0.096760 
                     0.954774 -0.596913 -0.183935 
                     -0.556929 0.389078 0.215575
                     
                     
                     
16                      -0.309753 -1.248106 -0.685747 
                      1.108681 0.537573 -0.400516
                       0.221491 0.713165 0.477523 
                       
                       
                       
17                       -0.367874 -1.078032 -0.645935  
                       0.585501 0.277932 -0.722530 
                       0.131570 0.663042 0.340772
                       
                       
                       
18                        -0.198687 -0.566890 0.317308 
                        0.218143 0.058724 -0.406647
                         0.419483 0.291465 0.240611
                         
                         
                          
19                         -0.540920 0.123109 0.798042 
                         -0.687457 0.384367 1.760391 
                         -1.755031 -0.873585 1.173159
                         
                         
20                          0.214993 0.452089 -0.927291
                           -0.121442 0.373158 -0.439083
                            0.058410 0.236687 -0.204688
                            
                            
21                             -0.287745 -0.004499 0.422032
                              -0.303753 0.145382 0.476351 
                              -0.079306 -0.218741 -0.213458
                              
                              
                              
22                               1.072591 0.944924 0.842117 
                               0.626479 1.020167 0.582542
                                -1.760919 -1.621826 -1.686487
                                
                                
23                                 -0.225630 -0.102748 -0.342829 
                                 0.487069 0.582174 0.251585 
                                 -0.287321 -0.353781 0.082611 
                                 
                                 
                                 
24                                 0.401707 0.288899 0.240864 
                                  -0.165377 0.317930 0.173629
                                   -0.470389 -0.666977 -0.297775 
                                   
                                   
25                                   -0.957847 1.955907 -0.962440 
                                   -1.280721 2.313938 -1.025613
                                    -0.773180 1.295373 -0.568687 
                                    
                                    
                                    
26                                    -0.168339 0.747542 -0.526920
                                     -0.883020 1.367149 -0.668140 
                                     -0.127448 0.578211 -0.347956
                                     
                                     
27                                      -0.352330 0.575109 -0.161837    
                                       -0.384155 0.614608 -0.279058
                                        -0.215773 0.271215 -0.044237 
                                        
                                        
28                                        -0.564835 -0.244660 0.005898
                                         -1.543447 -0.583774 -0.248781
                                          0.676333 0.213421 0.301958 
                                          
                                          
                                          
29                                          2.332953 0.931896 0.120266
                                           0.832462 0.961380 -0.260032
                                            0.558215 -0.104096 -0.653403
                                            
                                            
30                                             -1.335261 -0.954189 -0.049982
                                              0.269849 0.322503 0.345038
                                               -1.019258 -0.454627 0.508720
第一个卷积层的偏置项，
layer: conv1 bais(10)
-0.082837 0.919780 1.188670 0.086807 -0.019408 -0.031459 0.132360 -0.052204 0.007652 0.667318
第一个relu层，如果上层中的像素大于0，则还是原始值，小于0，则该像素和下面对应的参数相乘，输出图形大小为1*10*10*10
layer: PReLU1 weight(10)
-0.625406 -0.211681 1.011683 0.441121 -1.034750 0.321514 -0.297891 0.251887 -0.882736 -1.278316

pooling层，没有参数，输出的图形大小为1*10*5*5

第二个卷积层，输出大小为1*16*3*3，参数个数为3*3*16*10=1440,
layer: conv2 weight(1440)
-0.116501 -0.383564 -0.578602 0.318882 0.028762 -0.503488 -0.341353 -0.291495 0.835950 -0.023394 0.294524 0.240305 0.038584 0.137341 -0.430533 -0.293179 -0.153695 0.026887 -0.091790 0.252323 0.411913 0.142221 -0.039143 -0.356986 -0.004644 0.316270 -0.464754 0.338548 -0.110470 0.221181 -0.631365 0.070207 -0.607369 0.564755 -0.301659 0.506612 0.481046 0.176342 0.055646 -0.012668 -0.199088 -0.120283 0.036138 -0.403286 -0.402785 -0.250428 0.192417 -0.032996 0.175113 0.434918 -0.004071 0.080754 -0.034484 -0.120576 0.005740 -0.366320 0.256078 0.220565 0.759834 -0.295123 0.048066 -0.263367 -1.790963 0.018207 0.073563 0.102474 -0.157401 -0.220419 -0.235581 0.059179 0.511337 0.267489 -0.034610 0.336736 0.314784 0.180599 0.055873 0.273913 -0.156000 -0.513831 -1.340936 0.000469 0.228897 0.247684 0.071009 0.096955 -0.271468 -0.242969 0.095226 -0.047881 -0.243654 -0.046447 0.008769 0.369728 0.260724 0.001653 0.150420 0.278607 0.284545 -0.655305 0.009944 -0.122683 -0.337819 -0.182183 -0.299742 -1.010332 0.135662 0.200757 -0.596579 0.778088 -0.007335 -0.396945 0.413336 0.128858 -0.642609 0.618080 0.120843 -0.385421 -0.242369 -0.070217 -0.175741 -0.219198 -0.123952 0.215969 0.095600 0.156178 0.067560 -0.100713 -0.114683 0.025552 -0.523662 -0.390574 0.134020 -0.184941 -0.155388 0.435934 0.384166 0.102245 0.021276 0.065879 0.093725 0.081894 -0.128078 -0.150192 0.030395 0.122717 0.169495 0.049117 -0.115739 0.064880 -0.657906 -0.335449 -0.065533 0.137330 0.058564 -0.016770 -0.153763 -0.173293 -0.040973 0.309151 0.108229 -0.064419 -0.090504 -0.100341 -0.037209 0.526271 0.301030 0.066647 -0.151204 -0.128706 -0.013647 -1.044306 0.396131 0.227476 -0.359862 -0.155373 0.054596 -0.860269 -0.059902 0.115451 -0.102328 -0.000183 -0.011044 -0.319010 -0.112922 0.023691 0.301907 0.158228 0.013571 -0.022736 -0.027550 0.282408 0.071872 -0.075995 0.207956 -1.158736 -0.297711 -0.175137 0.645736 -0.114230 0.606086 0.265133 -0.397285 -0.007435 -0.470119 -0.389589 0.060869 0.166660 0.009405 0.177808 0.066242 -0.052133 0.056518 0.067861 -0.113857 -0.110161 -0.099952 0.134579 0.236861 0.084373 0.084236 0.213274 -0.363136 0.050667 0.163783 -0.155942 -0.024223 0.109747 0.157682 -0.005097 0.035979 -0.429931 0.030288 -0.007294 -0.175108 -0.012897 -0.117499 0.004028 -0.223912 -0.052230 -0.270701 -0.079781 -0.006661 -0.154417 -0.079691 -0.037966 -0.269696 -0.028410 -0.168850 -0.844868 0.010029 -0.148479 0.041240 0.029581 0.026709 -0.013032 0.084036 0.010478 0.303236 0.135974 0.005510 0.199985 0.094344 0.531351 -0.057364 0.006937 -0.036289 -0.858672 -0.001164 -0.088102 0.260993 0.229253 -0.073961 -0.236287 -0.295676 0.092177 -0.227265 -0.225805 0.009629 0.012296 -0.184349 0.302404 0.140460 0.100003 0.008881 -0.239734 0.011197 0.080303 -0.378096 0.122517 -0.655693 0.095507 0.062005 0.306053 0.516121 0.083154 -0.087086 0.009800 0.078866 0.070102 -0.616840 -0.484452 0.186774 -0.244635 -0.304665 -0.029139 -1.221884 -1.232211 -0.073457 -0.227273 -0.458282 -0.103121 0.006603 0.117181 0.267186 -1.167505 -0.429564 0.245617 0.186845 -0.033362 0.219126 0.430873 0.116017 0.133386 0.659269 -0.017760 0.079276 0.425077 0.017577 -0.310348 0.024278 0.197435 -0.113966 -0.504640 -0.162162 0.164562 0.152855 0.458081 0.058300 -0.073780 0.193514 0.134768 0.524080 0.231367 0.407500 -0.027112 0.120883 -0.082302 -0.005085 -0.006157 -0.048023 -0.023391 -0.074388 -0.020264 0.078515 -0.101141 -0.069810 -0.130955 0.171694 0.120392 -0.266181 0.248236 -0.893048 0.026557 0.036529 0.103434 -0.059790 -0.067304 0.004816 0.002613 -0.258486 -0.192289 0.091830 0.183390 -0.115294 0.234516 -0.052124 0.330348 -0.080096 -0.539725 1.603210 0.054862 -0.586084 -1.106455 0.252978 -0.142398 0.440362 0.021094 -0.199435 -1.098827 -0.101892 0.279016 -0.170262 -0.097212 -0.026919 0.407763 0.041942 -0.185300 -0.359985 -0.019548 -0.179752 -0.309391 0.150002 0.113808 -0.029252 0.208700 0.452515 1.398326 -0.318080 -0.051117 -0.179886 0.067029 -0.032850 -0.221816 0.298975 -0.625772 -0.033590 0.039687 0.010475 -0.271681 0.068944 -0.299499 -0.045205 0.064593 -0.012877 0.198891 -0.203806 0.370345 -0.405921 -0.004143 0.027722 0.085221 -0.374574 -0.684628 -0.760931 0.276502 0.125481 0.147108 0.051356 0.267063 0.201416 -0.136867 -0.485046 0.483582 0.085710 0.053287 -0.311548 0.131300 0.039460 0.267505 -0.114911 -0.190145 -0.255453 0.126753 0.027493 -0.184213 0.252284 0.153606 -0.120968 0.150382 -0.338076 0.054473 0.297150 -0.120328 0.271833 -0.085331 -0.221430 -0.274014 0.294723 -0.402261 -0.179794 0.719498 -0.092315 -0.054138 0.551816 0.045540 -0.860074 -0.195973 -0.227444 0.146735 -0.175114 -0.221356 0.138109 0.299851 0.119646 -0.040457 0.022768 0.041389 -0.066563 -0.008929 0.115192 0.097144 -0.045261 -0.144752 -0.016297 -0.094979 0.128212 -0.035880 0.191893 0.434283 0.091721 -0.094994 0.014379 0.160186 -0.664198 -0.525131 -0.154296 -0.671398 -0.510743 0.333170 0.090070 -0.257872 0.259688 0.198933 0.230179 0.268044 0.252578 0.251715 0.151913 0.073606 -0.217772 -0.123673 -0.274889 -0.303397 -0.165364 -0.273973 -0.265417 -0.085689 -0.197666 -0.060144 0.243350 0.021699 -0.297118 0.056454 0.076609 -0.214772 0.264970 0.045649 -0.078036 0.128995 0.222760 -0.058673 0.154145 0.132901 0.079144 0.149170 0.000675 0.357968 0.220957 -0.197741 -0.771730 -0.307837 -0.246997 -0.386661 0.195870 -0.075663 0.017396 0.281421 0.559108 -0.416385 -0.501520 -0.385422 -0.178969 0.300780 0.549853 0.071607 0.509448 0.823813 0.219549 -0.131434 0.133197 -0.173789 -0.163778 0.068479 0.237779 0.180687 -0.389740 -0.417872 -0.125333 -0.744171 -0.183712 -0.065751 -0.078288 0.021649 0.117829 -0.294675 -0.178020 -0.107935 -0.070502 0.036335 -0.025582 0.135025 -0.171068 0.055805 -0.520695 -0.068885 0.061002 0.081071 0.056845 -0.091701 0.071803 -0.370994 -0.088649 0.096752 -0.015271 -0.105195 0.024464 -0.039926 -0.009015 0.038413 -0.166214 0.088101 -0.300398 -0.233972 0.095435 0.192175 0.187335 0.064295 -0.127836 -0.108394 -0.092370 0.012477 -0.390845 -0.581717 -0.347904 -0.124678 0.160971 -0.058860 -0.101264 0.329604 -0.177313 0.050810 0.026081 -0.254062 0.166630 0.024474 -0.600058 0.099992 -0.151635 -0.481709 -0.140379 0.346540 -0.100796 0.154717 0.477522 -0.116815 -0.225874 -0.498817 -0.306190 -0.060701 0.002879 0.267746 0.319429 0.472291 0.027847 -0.223675 -0.406257 -0.408578 0.040123 0.003889 -0.310344 0.177333 0.033755 -0.485451 0.212997 -0.176583 -0.785607 0.012289 -0.069728 -0.999856 0.043477 0.059167 -0.649087 -0.202243 -0.019809 0.118406 -0.031926 -0.043009 -0.005026 -0.106888 0.110348 0.272255 -0.123603 0.017797 0.084650 0.062895 0.031283 -0.070296 -0.116369 0.226201 0.156323 -0.057103 0.209334 0.137431 -0.015217 -0.016393 0.280417 -0.065933 -0.085553 0.177502 -0.023978 -0.246485 0.220319 0.161454 0.019406 0.028605 -0.157810 -0.091189 -0.027971 0.114884 0.118684 -0.374462 -0.002597 -0.060203 -0.214444 0.286124 0.480918 -0.172576 -0.124497 -0.452211 0.031526 0.155410 0.048897 -0.141978 0.152508 0.118736 -0.007282 0.145769 0.047074 -0.050084 0.094293 0.075119 0.097403 -0.004940 0.055207 0.351406 0.069283 -0.517924 -0.235452 -0.227596 -0.284900 0.249478 -0.065015 0.405520 0.345677 -0.043944 -0.022435 -0.135521 -0.158447 -0.389898 -0.284249 -0.171805 -0.504260 0.026913 -0.157735 -0.562453 0.295039 -0.141250 -0.472072 0.366175 -0.167078 -0.886915 0.252663 -0.181242 -1.158290 -0.242627 -0.202626 -0.086894 -0.141773 -0.308965 0.052052 -0.087949 -0.314460 -0.397195 0.256118 0.335950 0.152726 0.301859 0.084315 0.132779 0.206063 0.184398 0.353990 -0.247803 -0.512469 -0.222044 -0.258149 -0.783612 -0.459502 -0.034778 -0.572976 -0.930433 0.161653 0.266379 0.247033 0.073753 0.216178 0.305393 0.036368 0.248496 0.407217 0.013406 -0.037243 -0.143716 0.191393 -0.057786 0.035520 0.330943 -0.101458 -0.196000 0.201659 -0.257002 0.070457 0.136485 -0.306090 -0.191996 0.347373 0.160931 0.005103 0.328474 -0.129295 -0.470478 -0.123989 0.082230 0.180589 0.201459 -0.007756 -0.106943 0.443724 -0.249675 0.128655 -0.253680 0.074014 -0.296212 -0.057864 -0.048333 0.267849 0.260348 0.125934 -0.187178 -0.310682 0.309184 -0.139412 -0.116336 0.089117 -0.043685 -0.517310 0.123201 0.011013 -0.161837 0.506484 -0.091798 -0.206495 0.228014 -0.068327 -0.150021 -0.208832 0.082753 0.380559 0.222699 -0.185728 -0.133446 -0.266966 0.204965 -0.282587 0.951121 -0.214080 -0.368593 0.090354 -0.592272 -0.214604 0.657924 -0.262991 -0.307957 -0.245846 0.034445 0.188635 0.243613 -0.089787 0.007732 -0.309271 0.108449 0.241315 0.071683 -0.162683 -0.185970 -0.188425 0.126022 0.276160 0.030750 -0.265339 0.151732 0.001750 -0.307439 0.078457 0.061542 -0.223687 0.067883 0.117948 0.013828 0.021202 0.590052 -0.261757 -0.158450 0.154462 -0.728246 -0.037307 -0.121617 -0.441609 0.146244 -0.185323 0.055408 -0.004790 -0.357196 -0.183846 0.047073 0.289744 0.041846 0.025860 0.534668 -0.156929 -0.104369 -0.558618 -0.274890 0.283955 -0.089525 0.574520 0.108204 0.467777 0.694376 -0.357484 0.025313 0.351217 -0.185678 -0.332614 -0.042707 0.118506 0.099469 0.472694 0.034220 0.144651 0.214051 0.209869 0.186712 0.304060 0.042342 -0.501534 -0.589637 -0.161090 -0.046575 -0.338524 0.010108 0.362185 0.241129 0.083216 0.116521 -0.005560 -0.030533 0.736897 0.424368 0.154696 0.486302 0.284187 -0.164942 0.038787 -0.038569 -0.308833 0.011949 -0.170499 0.167876 -0.112510 0.176170 0.036032 0.017500 -1.160307 0.088868 -0.016814 -1.824220 0.072448 -0.236897 -1.464016 0.107722 0.248007 -0.027591 -0.109672 -0.097582 -0.374807 0.026365 0.231390 -0.099162 -0.139694 0.468428 0.298425 0.023876 0.303072 0.252860 0.559649 -0.012186 0.524588 -0.271328 0.127844 0.118179 -0.029231 0.196996 0.319398 -0.314808 -0.120709 -0.135622 -0.129800 0.208317 0.101605 0.400334 0.460548 -0.017024 -0.167983 -0.251215 -0.546486 0.107563 -0.181248 0.079350 0.270778 0.478144 0.267286 0.232570 0.552326 0.356062 0.048505 -0.273123 -0.089202 -0.190410 -0.237125 -0.128665 -0.003171 -0.299971 -0.214456 0.147797 -0.174131 0.255243 0.558021 -0.444597 -0.103002 -0.209260 0.045907 -0.263381 0.539469 0.144293 0.247340 -0.574536 -0.097259 0.014060 -0.666311 0.053057 -0.197364 -0.032726 -0.113994 -0.020800 0.324646 -0.022107 -0.236860 -0.144992 -0.334111 0.473071 0.247195 0.323542 0.040001 -0.515416 -0.186932 0.002410 -0.745362 -0.283657 -0.494843 0.155838 -0.274297 0.216846 -0.029317 -0.147283 -0.032463 -0.107550 -0.052195 -0.083264 -0.670883 -0.378310 -0.014973 -0.271898 -0.128211 0.134190 -0.047370 -0.150363 0.087171 -1.055700 -0.202152 0.132214 -0.346466 -0.151785 0.119537 0.566502 0.405564 0.298697 -1.012233 -0.592448 0.116599 0.635917 -0.051604 0.362015 0.183005 0.227898 0.077522 -1.114540 -0.214550 -0.124766 -0.176504 -0.112998 0.024312 0.096694 0.129764 0.227593 0.102210 0.092342 -0.021162 0.489151 -0.034401 0.157026 0.012709 0.109538 0.106791 0.226527 0.297126 -0.190610 -0.099680 -0.014590 -0.207982 -0.331701 -0.026552 -0.273971 -0.152312 0.024108 -0.067078 -0.141759 0.135099 -0.192203 -0.104771 -0.099824 -0.051013 0.035374 0.116987 -0.092398 0.235235 -0.143097 -0.002701 -0.009184 -0.064076 0.102849 0.162547 0.209419 0.239591 -0.048841 0.199317 0.000809 0.141878 0.115081 -0.034461 -1.176526 -0.177059 0.079771 0.272605 0.106389 0.287942 0.039301 0.322775 0.252684 -0.014892 -0.292037 -0.326117 0.456089 0.320700 -0.452953 0.246440 0.526369 0.125181 -0.262734 0.168875 -0.191982 0.045280 0.329363 0.414360 -0.052451 -0.124455 -0.265903 0.522740 -0.754456 0.574822 -0.281771 -0.206463 -0.064199 -0.184179 0.159870 0.302098 0.125859 0.155780 0.010712 -0.001935 0.543707 -0.267627 0.150116 -0.534635 -0.300613 0.011703 0.114715 0.254331 -0.021753 -0.166913 -0.239373 0.072116 -0.928839 -0.365701 -0.452252 -0.092746 0.510988 -0.347228 0.004162 0.196734 -0.178818 -0.118580 0.543018 -0.413596 -0.275937 -0.049346 -0.127199 -0.066986 0.264823 0.059963 0.728153 0.322947 0.002094 0.168057 -0.005555 0.218082 -0.241046 0.223631 -0.076160 -0.280613 -0.008601 -0.182442 -0.548026 -0.216593 -0.113194 0.255392 -0.021797 0.196029 0.639170 -0.004705 -0.115311 -0.250799 0.537195 -0.185896 -0.106982 -0.260525 0.193036 -0.012575 0.055521 -0.507341 -0.284045 0.219531 -0.819192 -0.191726 0.336337 0.056609 0.260299 -0.053617 -0.289300 0.432333 0.437991 -0.704708 0.185842 0.062591 -0.218969 0.020530 0.168273 -0.414153 0.373028 0.136847 -1.050055 0.596639 0.315094 -0.738068 0.550636 0.299757 0.178563 -0.075167 -0.158522 -0.461878 -0.139295 -0.347310 0.255452 -0.360322 -0.006981 0.151187 0.140158 -0.087627 0.245412 0.077348 0.027693 0.204428 0.070591 0.026149 -0.055543 0.514143 0.095910 0.077261 0.388441 0.130454 0.136620 -0.133310 0.096207 0.299014 -0.003093 0.071044 -0.603678 0.180818 0.310076 -0.187823 -0.122787 -0.075033 0.224641 0.060057 -0.020033 -0.107114 0.434512 -0.136707 0.140232 0.132147 -0.112453 0.080100 -0.199309 -0.098793 -1.524274 -0.076472 0.260061 -0.076721 -0.105507 0.064839 -0.198367 0.055323 0.095352 -0.063276 0.111736 -0.164380 0.120245 -0.095405 0.016839 0.209702 -0.070236 -0.270194 0.013489 -0.040435 -0.188882 0.051565 -0.111748 0.001335 0.057579 -0.257433 -0.769749 0.190960 -0.331284 -0.993157 0.040053 0.059359 -0.285812 0.329603 0.005252 0.382705 0.296229 -0.091078 -0.606063 0.438581 0.134376 -0.416544 0.058649 -0.019456 -0.033362 0.192992 0.254976 0.080862 0.147884 0.191303 0.214317 0.025675 -0.010673 0.080328 0.057295 -0.161006 0.062576 -0.054398 -0.138321 0.019763 -0.136796 0.048770 0.260799 0.007462 -0.143733 -0.069751 -0.069546 -0.099098 -0.103898 -0.091306 0.073826 0.104737 -0.094694 0.157662 0.078255 0.112483 0.219031 -0.055640 -0.136704 0.052769 -0.002265 0.082682 0.054429 -0.082273 0.079355 0.014408 0.064650 0.089851 -0.043352 -0.023275 0.057018 0.073987 0.052533 0.073317 -0.004773 -0.027928 0.115459 0.057810 0.231130 -0.004191 -0.485476 -0.938827 0.007112 -0.230781 -1.130074
第二个卷积层偏置
layer: conv2 bais(16)
1.020537 2.487584 2.362585 0.421099 1.020859 1.533269 2.410716 2.399518 0.738194 0.189992 0.318782 0.360884 1.709578 -0.120232 0.599465 2.717416
第二个RELu,功能类似，输出大小为1*16*3*3
layer: PReLU2 weight(16)
0.067002 0.204699 0.252143 0.041398 0.194512 0.300794 0.424972 0.433765 0.175399 -0.525972 0.129829 0.189909 -0.001037 -0.157944 -0.211945 -0.058352

第3个卷积层，输出图形大小1*32*1*1，参数个数4608
layer: conv3 weight(4608)
0.066022 0.134115 -0.124753 0.460204 0.366139 0.200272 0.390400 0.253439 0.346551 0.137372 0.006258 0.229078 -0.052039 0.048935 0.103177 -0.188835 -0.089434 -0.074082 -0.429019 -0.134863 -0.572505 -0.334935 -0.091781 -0.052329 -0.230803 -0.066446 0.041835 0.054473 0.001097 0.077511 -0.122050 -0.143004 -0.053565 0.033870 -0.014517 -0.070756 0.026616 0.065522 -0.170709 0.220765 0.156785 0.234954 0.262389 0.054192 0.086261 0.106646 -0.201052 0.136750 0.182890 -0.032682 -0.153504 0.088473 0.072030 -0.154065 0.068480 0.125417 0.060607 0.178097 -0.166169 -0.061338 0.249612 -0.142421 0.037908 0.401830 0.162961 0.148446 -0.024139 0.094199 0.070126 -0.061327 -0.042804 -0.049811 0.065706 0.010435 0.103198 -0.130044 -0.143619 -0.119854 -0.122583 0.144450 -0.234313 -0.097854 -0.076452 0.015987 -0.059361 -0.092615 0.071083 -0.069414 0.053318 0.068122 0.015103 -0.208863 -0.115451 0.097289 0.062341 -0.093960 -0.029677 0.009455 0.175138 0.009885 -0.108362 0.017712 -0.149888 -0.049548 -0.060528 0.096564 0.072012 0.078513 0.151226 -0.057337 -0.009184 0.046156 -0.177220 -0.127077 -0.014095 -0.203912 0.095737 0.111106 0.027875 0.101448 0.155099 0.145722 0.154143 0.076847 0.058302 0.125788 0.027494 -0.009174 0.027473 0.063844 0.061363 0.037280 0.257208 0.143565 0.089865 0.207102 0.209722 0.275794 -0.085343 -0.161599 -0.018371 -0.109410 -0.071964 -0.246412 -0.010183 -0.029257 0.021052 -0.015771 -0.016155 -0.032150 -0.074013 -0.087095 -0.137618 0.053918 -0.053784 0.033579 0.065188 -0.029271 0.090780 -0.229705 -0.158945 -0.233969 -0.131813 0.109158 0.114989 -0.055380 -0.011929 0.069584 0.046774 0.069065 0.049819 0.052028 0.013009 -0.046922 -0.044013 -0.027559 -0.089679 -0.145704 -0.115756 -0.665359 -0.066370 0.004768 0.034846 -0.027299 -0.171691 -0.004236 0.056243 0.133453 -0.119814 0.067350 0.053241 0.069975 0.107360 -0.051723 -0.246563 -0.086868 0.143178 -0.006977 0.052813 0.108401 -0.112178 0.156244 0.091361 -0.148009 0.260708 0.055214 -0.184475 -0.101247 -0.073726 0.009884 -0.023349 0.066670 -0.138493 -0.003120 0.041437 0.266755 0.190942 0.134258 0.240522 -0.334963 -0.217553 -0.371107 0.285496 0.171445 0.245686 -0.278564 -0.114784 -0.028475 -0.206561 -0.188455 -0.099923 -0.109756 -0.166894 -0.017920 0.021055 -0.119548 0.002058 -0.055598 -0.134563 0.017595 0.055038 0.078538 -0.008214 -0.165628 -0.130779 -0.020429 -0.039422 0.013451 0.067458 -0.050352 -0.123304 -0.097799 0.080945 0.076641 -0.088859 0.010596 -0.244978 -0.044024 0.008818 0.038150 -0.220901 -0.095629 -0.139241 -0.041822 -0.155083 0.021856 -0.111140 -0.027303 -0.010698 -0.021668 0.008688 0.178033 0.067577 0.178059 0.033349 -0.087927 0.034345 0.005616 -0.052025 -0.146325 0.069332 -0.071248 -0.214930 0.083227 -0.097317 0.215438 0.164292 0.066910 -0.037780 -0.008137 0.243655 0.012253 -0.082714 0.466235 0.031090 -0.205990 0.207636 -0.005152 0.009083 -0.321276 0.054123 -0.184744 0.045812 -0.082804 0.033453 0.026131 -0.174992 -0.018419 0.169030 -0.005003 -0.055250 -0.090120 0.073400 -0.245148 -0.192313 -0.059243 -0.192432 -0.449215 -0.009340 -0.002858 -0.231428 0.086102 0.000314 -0.325248 -0.168508 0.010443 0.301387 0.096427 -0.028831 0.131943 0.104909 -0.095319 -0.016508 0.084958 -0.044193 -0.302564 0.062830 0.030537 -0.447293 0.128044 0.174823 -0.199893 -0.135875 0.122135 -0.247491 0.013917 0.105150 0.109522 -0.005886 0.038821 0.316357 -0.013837 0.129772 0.190000 -0.131412 0.135277 0.302556 0.051609 0.210421 0.093500 0.106434 0.124650 -0.338826 -0.071385 0.078033 -0.066589 0.099720 -0.036211 -0.209148 -0.067923 0.066978 0.113341 0.026985 0.119042 0.311967 -0.079415 -0.021338 0.055082 0.025483 -0.080990 -0.274973 0.004637 -0.076126 0.008383 0.221082 0.122585 -0.202174 -0.167676 -0.225042 -0.369378 0.023179 -0.132917 -0.227316 0.097366 -0.044157 -0.137799 -0.029055 -0.129472 -0.292953 -0.103769 0.031803 -0.043579 -0.041423 -0.031768 -0.157740 -0.035107 -0.242229 -0.326588 0.047274 -0.207399 -0.273767 0.080955 -0.266366 -0.217664 -0.037609 -0.204834 -0.268124 0.030276 -0.095658 -0.225018 0.025550 0.048826 -0.286033 0.127822 0.185360 0.132874 -0.176966 -0.146754 0.254322 -0.103200 -0.105917 0.092641 0.107692 0.031412 -0.078541 -0.052388 0.000741 0.033583 -0.062383 -0.080075 -0.042645 -0.256352 -0.097550 0.021480 -0.171813 -0.043522 0.100939 0.512359 0.163920 0.313808 0.019886 0.145893 -0.135196 -0.071505 0.011097 0.015859 0.366173 0.185838 0.028390 0.057821 -0.054971 0.116424 0.016737 -0.025320 0.076170 0.002504 0.004588 0.035668 -0.011127 -0.113527 -0.215250 0.141062 0.002391 0.027137 -0.176043 -0.014370 -0.063790 0.019337 -0.092361 0.112262 -0.085027 0.034233 -0.034362 0.010067 0.140062 0.224664 0.084346 0.066273 0.252520 0.016569 -0.138236 0.071652 -0.051674 -0.046899 0.098459 -0.042226 0.060638 0.255155 -0.035413 0.113234 -0.018639 -0.097487 0.025653 0.203440 -0.218985 0.154198 -0.024396 -0.146239 0.046817 -0.192691 0.134683 0.104166 0.013532 -0.053422 -0.058021 -0.000153 -0.038124 -0.061635 -0.011290 -0.129170 0.013353 -0.100533 0.076418 -0.001176 0.040934 0.088498 0.017913 0.003071 0.047728 0.191633 0.088618 0.056458 -0.068530 -0.016604 0.093739 -0.051212 -0.066080 0.116920 0.111239 0.000510 0.233886 0.053500 0.018805 -0.146504 -0.112745 -0.006395 -0.067072 0.139317 0.126540 0.084750 0.079131 0.079773 0.019041 0.044453 -0.002115 0.088201 0.095736 0.062723 0.095916 0.089631 -0.076504 -0.062936 -0.005775 -0.043744 0.056250 0.085961 -0.053402 -0.123959 -0.048137 0.171196 0.202171 0.142245 0.008076 0.059525 0.010549 0.187133 0.182808 0.056230 -0.048732 -0.003805 -0.015170 -0.018729 0.084757 0.142233 -0.030365 -0.531700 -0.152417 -0.097577 -0.255775 -0.013416 -0.112761 0.126679 -0.019837 0.111240 0.055451 -0.086732 0.062290 0.313811 0.032522 -0.004644 0.260288 0.246888 0.195684 0.088130 0.007212 0.150490 0.056745 0.022041 0.103642 0.138621 0.104904 0.198743 0.076639 -0.089634 -0.091819 0.067902 -0.038831 -0.125540 -0.102292 0.087723 -0.020002 0.116741 -0.035595 0.254464 0.074547 -0.088537 -0.102415 0.017984 0.082962 0.232350 0.109055 -0.100619 0.187453 -0.008027 -0.012471 0.012183 -0.037989 0.058623 -0.159492 -0.043408 -0.028448 -0.083603 -0.118554 0.002254 -0.014970 -0.097609 -0.104079 0.107299 0.217120 -0.210279 0.432690 0.224209 0.013469 0.043025 0.010914 -0.208391 0.361731 0.070865 0.036107 0.045525 -0.026956 -0.008103 -0.051224 0.028500 -0.033855 -0.036584 0.056245 0.085889 0.154608 0.047580 0.002407 -0.164011 -0.006372 0.081243 0.198625 -0.008782 -0.039154 -0.127699 0.059072 0.176051 0.029690 0.022726 -0.035594 -0.025226 -0.109788 -0.076903 0.121748 -0.090228 -0.082182 -0.085489 0.033556 0.111212 0.121500 -0.036518 0.006180 0.067602 -0.047225 0.054837 0.092472 0.028141 0.052797 -0.005557 0.099669 0.096130 0.192396 0.053290 0.041076 -0.119209 0.058050 -0.034926 -0.039705 -0.212576 -0.020020 -0.108672 -0.030174 -0.142670 0.142216 -0.061128 0.049924 0.187255 0.093866 -0.034462 -0.090251 -0.070684 -0.010562 -0.012482 0.097444 0.034497 -0.070604 0.088451 -0.078240 -0.084241 -0.023520 -0.059108 0.068429 -0.017142 0.018296 0.050873 0.097697 0.015675 -0.041041 0.066302 -0.090349 -0.047552 0.086490 0.111941 0.046027 0.106072 0.121123 0.193186 -0.132339 -0.109296 0.113687 -0.157728 -0.152797 -0.024211 0.153022 0.034385 -0.487228 0.098466 0.069645 -0.237255 -0.139015 0.065136 -0.061176 0.035202 0.090405 0.016616 -0.018745 -0.086271 0.025030 -0.064004 -0.171432 0.126178 -0.137314 -0.120704 0.077575 0.117771 -0.091540 -0.020824 0.016855 -0.049948 0.041737 0.016794 0.132408 0.120756 -0.124252 0.043657 0.093270 0.034994 -0.101925 0.041905 -0.116134 -0.034767 0.161408 0.068646 -0.086810 -0.012034 -0.048238 -0.095945 0.082138 -0.113284 -0.081993 0.046469 -0.011721 -0.050112 -0.033142 0.073500 0.077522 -0.048556 0.057499 0.076582 0.211419 -0.047662 -0.106253 -0.053140 -0.075175 -0.000546 -0.086503 0.062809 -0.030033 0.030467 -0.010413 -0.048197 -0.019975 -0.131029 -0.078805 0.074503 0.114478 0.046802 0.055475 -0.212115 -0.217381 -0.120551 0.037102 0.010096 0.039041 0.024953 0.006189 0.084383 -0.094865 -0.013764 0.058675 -0.149210 -0.074639 -0.047777 0.103331 0.030337 0.032718 0.001150 -0.034373 -0.098873 -0.083926 -0.013905 -0.009523 -0.175119 -0.017502 -0.289115 0.137613 0.104860 -0.070225 0.162061 0.086672 -0.036875 0.065430 -0.145227 -0.078067 0.144395 -0.096541 -0.041383 0.168897 -0.016569 -0.053929 0.144613 0.029590 0.190630 0.346235 0.026434 0.163135 0.265790 0.063591 0.196256 0.103935 0.162424 -0.023692 0.084469 -0.031534 -0.100421 0.257255 0.087505 -0.056295 -0.225430 0.007071 -0.091232 -0.206998 0.018707 0.076909 -0.323180 -0.012433 0.073490 0.211051 -0.023214 -0.014562 0.176188 0.009768 -0.124226 0.168072 0.029275 -0.054832 -0.184079 0.158724 -0.038597 -0.030019 0.010975 0.110001 -0.116018 0.085620 -0.003143 -0.152558 -0.042327 -0.055236 -0.118545 0.008270 -0.032680 -0.139062 -0.123765 0.056808 0.021937 0.044038 -0.075553 0.056947 0.091963 0.079925 -0.422300 -0.049638 -0.016675 0.176825 0.007575 -0.003138 -0.264962 -0.061008 0.159683 -0.113156 0.005497 -0.026068 -0.076178 -0.124263 -0.062714 -0.132286 -0.181561 -0.119654 -0.141051 -0.185573 -0.159205 -0.041185 0.010231 0.046542 -0.020950 -0.015117 -0.060879 -0.065243 -0.078594 0.059284 -0.049468 0.054217 0.101799 -0.011663 -0.046583 -0.039275 -0.081630 0.053957 0.023582 -0.025160 0.178502 -0.016928 -0.110319 0.081609 0.009041 -0.087320 0.134835 -0.001060 -0.079302 0.109318 -0.006973 -0.022039 0.110755 0.071598 -0.017906 0.073394 0.023816 -0.088951 0.011853 -0.025596 0.006103 0.107339 -0.046417 -0.082656 0.059279 0.031641 -0.091632 0.040625 -0.132972 -0.088775 0.184117 -0.004588 -0.143467 -0.204644 -0.187470 0.032705 0.009508 0.016240 0.032567 -0.052387 -0.057810 0.039632 -0.028630 -0.133332 -0.062562 -0.011547 0.004810 0.019632 0.043253 0.007454 -0.081571 -0.026222 -0.040615 -0.030755 0.054570 -0.001718 -0.184976 -0.051615 -0.108976 0.209201 0.035829 -0.005412 0.035581 -0.046754 -0.079858 0.037431 0.049191 0.010919 -0.036677 -0.063870 -0.037565 -0.082187 -0.057540 -0.033022 -0.079240 -0.044379 -0.051387 0.037502 0.002341 0.022799 -0.104880 -0.114455 -0.017522 0.028488 0.019476 0.008684 0.061016 0.079080 0.050066 0.001047 0.010926 0.063745 -0.057069 0.006028 0.070791 -0.055801 0.025997 -0.063344 0.132652 0.105632 -0.033640 -0.001067 -0.072998 -0.049685 -0.098999 -0.004238 0.089126 0.084281 0.003812 0.030084 -0.155472 -0.030971 -0.163638 0.031426 0.105601 0.101527 0.065327 0.063719 0.052589 -0.036324 -0.041637 -0.044307 -0.073494 -0.077297 -0.013594 -0.000710 0.005628 -0.049876 0.009334 -0.042211 -0.045814 0.021005 0.053496 0.035236 -0.118108 -0.073754 -0.063460 0.056559 -0.005962 -0.028411 0.059970 0.067597 -0.043034 -0.041665 0.029525 0.072810 0.026436 0.040499 0.043552 0.045494 -0.006966 -0.020031 -0.011033 -0.073576 -0.035479 -0.007527 0.022185 0.030053 0.020074 0.063767 0.083398 -0.047206 -0.030198 0.002567 -0.006149 -0.029432 -0.045196 0.030266 -0.010137 0.001845 0.118523 0.109427 0.069707 -0.127723 -0.052455 -0.033630 -0.060187 -0.050358 -0.121512 0.040737 -0.288785 0.084821 0.117133 -0.525306 -0.030661 0.158251 -0.368622 -0.028354 -0.029070 -0.012231 0.062653 0.072639 -0.147212 0.124014 -0.087246 -0.064568 0.091038 0.059802 0.086757 -0.047419 0.056631 0.127151 -0.079997 -0.148451 -0.030321 -0.166909 -0.120381 0.092773 -0.073761 0.070883 0.035014 -0.144946 0.042319 0.075035 -0.156362 0.056751 -0.081096 -0.029959 0.124932 -0.082448 -0.264214 0.202712 0.122284 -0.206099 0.028052 0.054523 -0.164145 0.058851 0.084186 0.002232 -0.011490 0.103764 -0.072070 0.252455 0.050584 0.001804 -0.045096 0.055235 -0.031251 0.066512 0.144542 0.000651 -0.160048 0.034989 -0.115660 -0.046527 0.078337 0.063916 0.056021 0.362453 0.202076 -0.087611 0.037154 -0.095540 -0.141376 0.042951 -0.011796 -0.002199 -0.115366 -0.028529 -0.039025 -0.007454 0.059011 -0.016770 -0.024066 -0.005276 0.003063 0.036160 0.039540 -0.050211 0.049867 -0.070603 0.212473 0.033420 0.024220 -0.056942 0.058835 -0.033315 -0.019685 -0.127790 -0.073414 0.060666 0.037754 0.008475 -0.171525 -0.063304 -0.082702 -0.062484 -0.126598 -0.057298 -0.032696 0.121060 -0.116218 -0.113946 0.024111 -0.195262 0.014466 0.028961 -0.115230 0.020697 0.039191 -0.072926 -0.039405 0.013152 -0.123329 -0.045480 0.003306 -0.134688 0.037178 -0.055817 -0.128141 -0.025825 -0.064042 -0.052213 -0.148209 0.108146 0.008683 -0.061464 0.021156 -0.249587 -0.052807 -0.062952 0.124602 0.012939 0.070193 -0.147318 0.148922 0.004516 -0.130412 0.135720 0.091604 -0.032838 0.289288 -0.001264 0.334237 -0.109307 -0.228615 -0.119937 -0.323565 -0.191168 -0.108952 0.131519 0.025575 0.095242 -0.014477 0.056457 0.250230 0.045910 0.099374 -0.015705 0.013698 0.288192 0.148860 -0.059540 0.117132 0.114652 -0.057132 0.055156 0.239584 -0.011358 0.082379 -0.039770 -0.084381 -0.101487 -0.167411 -0.026633 0.112711 0.132078 -0.146775 0.197231 0.092174 -0.063657 -0.110730 0.257828 -0.008174 0.024185 0.063660 0.138250 -0.108428 -0.016189 0.169630 0.067838 -0.031823 0.066304 0.043418 -0.075762 -0.033727 -0.055537 -0.049558 0.077186 -0.092248 -0.195008 -0.067550 0.186067 0.146655 0.200263 0.168376 0.184147 0.112738 -0.026368 -0.021341 0.111680 0.246231 0.243941 0.027913 -0.080633 -0.164348 -0.099442 -0.055136 -0.114176 0.003866 -0.108963 -0.126242 0.073321 0.109440 0.220296 0.052867 -0.023815 0.197266 0.071819 0.100674 0.306683 -0.105371 0.084173 0.047822 -0.104305 -0.178856 0.051862 -0.009039 0.083400 -0.095949 0.133271 0.154909 0.055453 -0.079861 0.104561 -0.079790 -0.035442 0.153415 0.227442 -0.032768 0.036060 0.000670 -0.022963 0.039021 -0.008890 0.108043 0.185858 0.086118 0.022262 -0.072587 0.022234 -0.068661 0.040272 -0.022008 0.064508 0.071236 0.008394 -0.052183 -0.041791 -0.001733 -0.098834 0.191633 0.044750 -0.156952 -0.006508 -0.168596 0.025504 0.085225 0.011380 0.020877 -0.057374 -0.004651 0.013647 -0.054542 -0.293483 -0.112739 0.081889 -0.134732 -0.054147 -0.094483 -0.112311 -0.125699 -0.077482 -0.106862 -0.028207 0.052477 -0.077039 -0.009982 0.016925 0.042124 0.339385 -0.005235 -0.023997 0.323847 0.067114 0.165508 -0.048125 -0.109219 -0.008124 -0.209773 -0.068238 -0.140562 0.223851 0.020601 0.154007 0.107692 0.070620 0.118859 0.420352 0.081675 0.180008 0.164759 -0.052335 0.012071 0.063463 -0.070414 -0.037042 -0.022619 -0.245167 -0.143377 -0.115797 0.049099 0.074495 -0.134031 -0.167076 -0.121951 0.146747 0.157080 0.143424 0.020811 0.023565 -0.145857 -0.093958 0.085194 -0.035465 0.130842 0.258391 0.168359 0.130221 0.120040 0.196617 -0.075475 -0.281080 -0.246059 0.734114 -0.011397 0.267690 0.094530 0.061215 0.094951 -0.168118 -0.102419 -0.211438 0.003163 -0.084320 -0.112163 0.037851 0.153863 0.184899 -0.107098 -0.079416 0.051749 -0.303913 -0.058035 0.027276 0.084283 0.081808 0.222709 0.003370 0.142953 -0.066687 0.168619 -0.007792 0.130716 -0.089708 -0.025208 0.088630 -0.094048 -0.108351 -0.091267 0.147195 0.098587 -0.132920 0.101538 -0.004839 -0.089364 -0.126104 -0.047315 -0.071560 -0.038674 -0.239059 -0.063886 0.136318 0.005983 0.002406 -0.054351 -0.136014 -0.054710 0.119335 -0.036395 -0.017780 0.073011 -0.003244 -0.258711 0.198984 -0.081635 -0.027615 -0.018473 -0.140388 -0.250149 -0.069245 -0.037914 -0.032484 -0.188717 -0.109373 -0.137985 -0.184661 -0.007069 -0.238325 0.047498 0.323768 -0.033099 -0.021113 0.281289 -0.033052 -0.079972 0.133174 -0.049865 0.083736 0.003866 -0.192189 0.073826 0.045583 0.055928 -0.284203 0.124607 0.052736 -0.038976 0.195440 0.148481 -0.106991 0.168589 0.235952 -0.078574 -0.003291 0.183344 -0.160103 -0.158137 -0.221094 -0.054755 -0.155375 -0.262853 -0.013017 -0.080018 -0.126910 -0.175619 0.165694 0.123590 -0.251634 0.049307 0.128162 -0.280863 -0.043855 0.116474 -0.209296 0.080589 0.135369 0.108677 -0.081169 0.142846 0.240120 0.001153 -0.093807 0.026776 -0.084318 -0.085705 0.276996 -0.055928 -0.117829 0.155472 0.130773 0.129372 -0.133716 0.150864 0.185028 -0.185746 0.021076 -0.032278 -0.158681 0.243242 0.284846 -0.043202 -0.094725 -0.074966 -0.040990 -0.079913 -0.048678 -0.043623 -0.078294 -0.130128 -0.103447 0.087217 0.179728 0.006111 0.107676 0.192258 -0.112590 0.096882 0.209817 -0.087978 0.101947 0.066319 -0.073255 -0.017918 0.106029 -0.099916 -0.050108 -0.068411 -0.131491 0.106180 0.112288 -0.086625 0.033434 -0.005501 -0.085758 0.063368 -0.079277 -0.009977 0.109460 0.125623 0.011100 0.173620 0.123419 0.021826 0.147174 0.128340 -0.001052 0.065580 0.073221 -0.090507 0.050537 0.117171 -0.135369 0.028005 0.032904 0.048564 -0.271954 -0.215837 -0.022534 -0.407518 -0.153851 0.314038 -0.099506 -0.003059 -0.062221 -0.153464 -0.240690 -0.016018 -0.153960 0.028168 -0.006956 -0.108374 -0.057594 -0.201275 -0.073082 -0.102493 0.133634 0.069078 -0.098122 -0.003983 0.052914 -0.167269 0.180282 -0.037848 0.028886 0.056650 0.050750 -0.193698 -0.172686 0.124290 0.157538 -0.157896 -0.107210 -0.068494 -0.151020 -0.113205 -0.212032 -0.265804 -0.149020 -0.209872 -0.086633 -0.238673 -0.249945 -0.165572 0.029075 -0.039441 -0.209700 0.002650 0.179460 -0.224405 -0.099149 -0.083288 0.023683 0.177707 -0.060243 0.154816 0.103915 -0.258063 -0.046400 0.044957 0.227845 -0.186100 -0.105221 -0.175588 0.090555 0.102599 -0.273510 0.055578 0.279701 0.140314 -0.010847 0.055994 0.187353 -0.015099 -0.080557 -0.024282 0.257326 0.309257 0.036146 -0.203135 -0.028882 -0.213034 0.104591 0.115267 0.042427 0.049348 0.042465 0.043909 0.061057 -0.001440 -0.012340 0.026651 -0.001632 -0.013787 0.123213 0.006830 -0.225299 0.009822 0.030424 -0.027446 0.052354 0.064705 -0.064167 -0.077115 -0.209405 -0.406442 -0.127506 -0.113734 -0.276159 -0.009018 -0.054963 -0.151083 -0.016965 -0.010739 -0.002721 -0.066604 -0.082088 -0.030220 0.118000 0.075406 -0.045403 -0.038751 -0.057715 -0.191149 -0.023256 -0.008219 -0.133978 -0.110442 -0.095136 -0.036964 -0.177304 -0.215365 -0.173080 -0.145202 -0.005362 -0.045891 -0.094820 -0.076623 -0.120433 -0.055767 -0.037914 0.155103 0.061621 -0.054330 -0.108210 0.112488 0.011854 -0.245989 0.029704 -0.103512 -0.213522 0.053611 -0.054281 -0.252483 0.075904 -0.117272 -0.300402 -0.062620 -0.115067 0.010729 -0.073197 -0.122151 -0.024972 -0.136677 -0.109364 -0.037690 0.033216 -0.021550 0.008167 0.046642 -0.041451 0.054409 0.075795 -0.018097 -0.128007 -0.009240 0.106914 -0.173629 0.005781 0.104881 -0.008480 -0.018555 0.039671 0.054437 0.034768 -0.116088 -0.280655 -0.015121 0.018198 -0.284930 -0.037162 0.041282 -0.302692 0.044799 0.017165 0.052459 0.036489 0.025893 0.051969 -0.036971 0.010353 0.090681 0.030878 0.100925 0.056688 -0.021715 0.021245 0.087717 -0.020237 0.138669 0.015605 0.010296 -0.040579 0.066710 -0.042341 -0.085083 0.151958 0.016395 0.058287 0.307943 -0.036294 -0.000772 -0.195051 0.032435 0.164929 0.070578 0.038167 0.118150 -0.261257 -0.043561 -0.080154 -0.056177 -0.082477 -0.037064 -0.071140 -0.074235 -0.072620 -0.018528 0.086204 0.013910 0.091254 0.034238 0.002474 -0.044097 0.109556 -0.015448 0.104997 -0.014704 -0.054808 -0.063851 0.029235 0.017668 -0.048600 0.068561 -0.032691 -0.115141 0.048483 0.060605 -0.155155 -0.021609 -0.044105 -0.016586 -0.055612 -0.021924 0.024696 0.037518 0.065118 -0.010210 0.005016 0.067596 -0.065096 0.073661 0.021418 -0.105141 -0.002284 0.010887 -0.110900 0.029815 0.064767 -0.190936 -0.015015 0.030874 -0.182962 -0.009739 -0.157089 0.168708 -0.002863 -0.066507 0.161610 -0.034616 -0.171935 0.223109 0.130793 -0.006689 0.062606 -0.037883 0.009614 -0.033137 -0.129924 -0.101741 0.022606 -0.149191 -0.098010 -0.259569 -0.047811 -0.113288 -0.029063 0.237147 0.040689 -0.052677 0.035761 -0.095449 -0.075111 0.028647 -0.084571 -0.103418 0.140457 -0.034375 -0.019714 -0.123245 -0.117972 -0.186646 0.070135 0.008526 0.086152 -0.063358 0.055873 -0.259683 -0.203789 -0.074011 -0.259150 -0.110493 0.073347 -0.077558 -0.207136 -0.043781 -0.042111 -0.121534 -0.037068 -0.135059 -0.003815 0.221349 0.222360 -0.010507 0.085135 -0.115644 -0.260434 0.156375 -0.156089 -0.099843 -0.122941 -0.203601 0.017301 -0.002599 -0.090207 0.156642 0.023614 0.010417 -0.192477 -0.126672 0.049472 -0.139929 -0.110759 -0.105696 -0.090305 0.188428 0.003508 -0.123416 0.053905 -0.143156 -0.015097 0.160957 -0.091520 -0.031516 0.053600 0.078812 0.059142 0.051084 0.181077 0.097357 0.152900 0.062351 -0.142363 -0.268684 -0.065635 -0.148010 -0.018827 0.163726 -0.166275 -0.080561 0.047913 0.049107 -0.037725 0.030030 0.114879 0.018198 0.055530 0.068035 0.011887 0.003927 0.118521 0.035347 0.127861 -0.001898 0.015483 0.142308 -0.048466 -0.090239 0.064420 0.001799 0.012769 0.072297 -0.005011 0.055374 0.024004 -0.200152 -0.018470 0.000308 0.143460 -0.027822 -0.088378 0.048740 -0.135325 -0.072820 0.080564 0.062343 0.043499 -0.344546 -0.047768 -0.272181 0.057860 0.132294 -0.272775 0.069271 0.119803 -0.178808 -0.069280 0.046682 0.051720 -0.099233 -0.017163 0.087581 0.105903 0.145450 0.161413 -0.189105 -0.075387 0.121105 0.506411 0.324493 0.073133 0.292663 -0.065589 -0.012836 0.189060 -0.057546 0.353835 0.323984 0.090605 -0.077977 -0.229487 -0.292339 -0.309175 -0.036753 -0.126906 -0.217907 0.003424 -0.017389 -0.026165 -0.013369 0.016234 -0.105156 0.229204 0.102463 0.326015 -0.028318 0.223988 0.259543 -0.000805 0.200720 0.231364 0.155197 -0.074577 -0.165500 0.013686 0.073833 -0.010480 0.044498 0.194301 -0.258072 -0.194053 0.018747 -0.289362 -0.159435 0.262172 -0.291938 -0.246699 -0.023527 0.105383 -0.319079 -0.026001 0.111412 0.308219 0.259452 0.305481 -0.019227 -0.156655 -0.225312 -0.031514 0.176176 -0.122980 0.084345 0.157668 -0.065492 -0.012294 -0.046837 -0.299807 0.024356 0.021013 -0.003186 -0.095902 -0.113821 -0.003398 0.034855 -0.044793 -0.001312 0.031923 -0.036286 -0.032518 -0.119824 0.181584 0.104098 0.048528 0.041941 0.106092 0.069430 0.146791 -0.025426 0.212954 0.212721 0.061227 0.205462 -0.028987 0.088120 0.042816 -0.167374 -0.079683 -0.036681 -0.035679 0.072204 0.001048 0.058767 0.184848 -0.112434 -0.084847 -0.078132 -0.001883 -0.120339 -0.088593 -0.142644 0.008344 -0.048806 -0.070292 -0.144320 -0.011704 0.014288 -0.092767 0.047567 0.023480 0.079794 0.112626 -0.194668 0.055568 -0.149028 0.171575 0.098269 -0.109504 -0.137966 -0.064093 -0.215776 0.031314 0.087882 0.028203 0.080489 0.040169 0.165038 -0.032198 0.048266 0.124185 0.064014 0.000739 -0.065974 0.094047 0.009202 0.060269 0.146144 0.061466 0.214716 -0.141037 -0.141752 0.158986 -0.070824 -0.253444 -0.149053 0.008852 -0.032925 0.301031 -0.086586 -0.088088 0.085503 0.077099 -0.013483 -0.222730 -0.093121 0.019121 -0.282527 0.253542 0.317062 0.495095 0.228485 0.357696 0.275573 -0.031708 0.039830 0.148652 0.134448 -0.034291 -0.051151 0.096719 0.252698 -0.131683 -0.102753 0.082940 0.026732 -0.040596 -0.207513 -0.184564 0.197560 -0.180247 -0.256428 0.136177 0.114771 -0.177941 -0.004861 -0.003057 -0.077667 0.011808 -0.037972 -0.036159 -0.107624 0.079051 0.041085 0.260179 0.160409 0.443068 -0.095324 -0.267573 -0.283585 0.042343 0.121567 0.516311 0.004615 -0.039705 -0.034647 0.096985 0.056439 -0.010658 0.013322 -0.043232 -0.070716 0.093784 0.077432 0.177870 0.047822 0.151157 0.113203 -0.026299 -0.048176 0.117123 0.008740 -0.113350 0.175717 0.090591 -0.025989 -0.031712 0.118380 0.126854 -0.059873 -0.071789 -0.200054 -0.056243 0.027079 -0.195162 0.016313 -0.056358 -0.041975 -0.088965 0.105870 0.084711 -0.037487 -0.022346 -0.048331 -0.184689 0.050724 0.044059 -0.142299 -0.004161 -0.093168 0.132325 -0.050558 0.155393 -0.178118 -0.056541 -0.069791 -0.203205 0.130284 -0.136292 0.177980 -0.034426 0.147652 -0.005963 0.019029 -0.039305 0.020930 -0.133460 -0.165381 -0.145982 -0.104225 -0.108154 -0.164263 -0.067002 -0.064863 -0.170848 -0.083950 0.022982 0.068100 -0.131080 -0.072303 0.059916 -0.169257 0.040965 -0.073805 0.066214 -0.046294 -0.063072 0.044543 0.026795 0.033180 -0.030780 -0.069729 -0.039369 -0.146699 0.025733 -0.011479 -0.040617 0.037530 -0.057116 -0.034530 0.006672 -0.020775 -0.007059 0.034441 -0.078509 -0.020220 -0.033848 -0.025383 0.002109 0.066285 -0.008805 0.081213 0.035350 0.029995 -0.089130 -0.106605 -0.046354 -0.130832 -0.071149 0.085468 0.021621 0.000070 -0.047711 -0.031863 0.003815 0.027344 0.039339 0.030627 0.040034 0.012770 0.063837 0.034357 0.052774 0.013946 0.047661 -0.041809 0.010339 -0.023961 0.010628 0.080548 -0.107621 0.076834 0.015209 0.008329 0.042661 0.014129 0.024178 -0.100793 -0.063977 -0.110199 -0.035036 -0.048022 -0.058008 -0.059213 -0.060775 -0.080342 -0.088239 -0.003383 -0.076884 0.019177 -0.037408 0.020628 -0.034000 -0.022143 -0.001575 -0.088780 0.008046 0.083332 -0.040051 -0.014119 0.040468 0.036967 0.011276 0.018618 -0.036067 -0.059719 -0.082907 -0.112539 -0.093715 -0.028973 -0.141192 -0.081619 -0.042765 0.020128 0.056385 -0.048966 0.058793 -0.004048 -0.080582 0.067006 -0.001849 -0.025834 0.003661 -0.011897 0.026177 -0.043259 0.016008 0.014628 -0.078774 -0.058676 -0.021804 -0.028031 -0.001264 -0.190742 -0.019586 0.043314 -0.012277 -0.019678 -0.040517 -0.090206 -0.037494 -0.023922 -0.117271 -0.006374 -0.010915 -0.134087 -0.022092 -0.003292 -0.101492 -0.017009 -0.009542 0.111551 -0.006816 0.056554 0.029261 -0.079671 0.017012 0.044680 -0.029613 -0.084483 0.007125 -0.023104 -0.056707 -0.076425 0.082239 0.040815 0.069448 -0.080363 -0.048946 -0.047527 -0.035704 0.014287 -0.020576 -0.070492 -0.085133 -0.087461 0.012510 0.027443 0.016464 -0.048764 0.064705 -0.021663 -0.137932 0.081324 -0.035294 -0.079165 -0.131638 0.040880 0.007979 -0.003248 0.015804 -0.061308 -0.072609 0.104271 0.135018 -0.095306 -0.003008 0.019344 0.005888 -0.042694 0.101954 -0.034741 0.048937 0.151936 0.108839 0.038582 -0.014772 -0.046375 0.031897 0.094032 -0.048902 0.030806 0.063630 -0.037701 0.028702 0.105124 -0.047271 0.007513 0.105024 -0.012170 0.077534 0.028463 -0.008167 -0.091888 0.005766 -0.035834 -0.115028 -0.001450 -0.043159 -0.066145 -0.033969 -0.060871 -0.108282 -0.023842 -0.040742 -0.025138 -0.040318 -0.038889 -0.074384 -0.068060 -0.079038 -0.011562 0.044073 0.008694 0.087210 -0.024700 -0.022701 0.031692 -0.164529 -0.076984 0.024739 0.009237 -0.052490 -0.003017 -0.100650 -0.134193 -0.097973 -0.040077 -0.019656 0.022414 -0.050051 0.005508 -0.014245 -0.000166 -0.007225 0.029247 -0.021974 -0.014780 0.021992 -0.047287 -0.058713 -0.030823 -0.037725 -0.065682 -0.043496 0.091142 0.052681 -0.016057 -0.139808 -0.087509 -0.153528 0.173125 -0.021299 0.050086 0.073097 -0.061983 -0.019694 0.119517 0.033104 -0.022018 0.117670 0.070365 0.107727 0.075942 0.153669 0.021437 0.148205 0.078471 0.129392 -0.068577 -0.026606 0.028379 -0.234464 -0.169018 -0.571569 -0.052308 0.051480 -0.076481 -0.062051 -0.025549 -0.115661 -0.021514 0.025331 -0.011207 -0.120263 -0.216977 -0.155965 0.055737 0.021656 -0.067600 -0.326261 -0.203654 -0.422454 -0.050808 -0.032618 -0.117142 -0.092129 -0.099590 -0.119611 -0.073300 -0.023418 -0.077902 0.043948 0.157302 0.053823 -0.099935 -0.019198 0.001981 -0.032813 0.134257 0.364402 -0.013625 -0.200099 0.109896 0.076870 0.102152 0.058517 0.579850 0.330628 0.095139 -0.188768 -0.154524 -0.217141 0.001595 0.016882 0.101153 0.258458 0.161333 0.248085 -0.007459 -0.159735 -0.243596 -0.057278 0.145210 0.101099 0.091363 0.068085 -0.016599 0.008052 -0.015247 -0.015848 -0.013465 -0.086986 -0.032071 -0.062693 -0.109732 -0.066955 0.006986 -0.032734 0.005161 0.141618 0.073229 0.035801 -0.159342 -0.068968 -0.154743 -0.123116 -0.035199 -0.154338 -0.045337 -0.062809 -0.121612 -0.133654 0.098555 0.156907 -0.148759 -0.077088 -0.011617 -0.066030 -0.043647 -0.001461 -0.134143 -0.022994 -0.142413 -0.021411 -0.034684 -0.032489 -0.032901 -0.005693 -0.029191 -0.136370 -0.112283 -0.285802 -0.005421 -0.021833 -0.130382 -0.051601 -0.007829 0.056049 0.291622 0.053924 0.107425 -0.045825 -0.077047 0.063604 -0.154984 -0.051825 0.162730 -0.047617 0.117750 0.012815 -0.028230 0.129471 0.054749 -0.055948 0.098751 0.012692 -0.166106 -0.039272 0.195414 -0.228569 0.100971 0.025354 -0.285703 -0.005990 0.075411 -0.033212 0.058542 0.059709 -0.045244 0.003731 0.008410 -0.185966 -0.220757 -0.018341 -0.019801 -0.050620 -0.071064 -0.053636 -0.107282 -0.073804 -0.065281 -0.144548 -0.105645 0.105235 0.052560 0.034490 0.028342 0.093016 0.056999 -0.121584 0.175979 0.167383 -0.068462 -0.070829 -0.093318 -0.106261 -0.108433 -0.144718 -0.166690 -0.250502 -0.137295 -0.155147 0.002333 0.051532 -0.032176 0.156860 0.097935 0.109816 0.237499 -0.005855 0.034766 0.049014 0.002235 0.232364 0.370926 0.102103 0.038989 0.050760 -0.062801 -0.076854 -0.066549 -0.125483 -0.120179 -0.148620 -0.066864 -0.111828 -0.177347 -0.077707 0.012081 0.096264 0.068310 0.039319 0.097239 0.028023 0.034374 0.109392 0.036341 -0.061641 -0.101853 -0.089875 -0.079782 -0.031626 -0.053382 -0.118996 -0.152916 -0.066323 -0.083747 -0.053071 -0.100822 -0.145244 -0.087856 -0.021288 -0.022004 -0.070840 0.016407 -0.023107 -0.136041 -0.072106 -0.088096 -0.031770 0.034956 -0.076290 -0.157593 -0.016245 -0.060573 -0.043256 -0.033383 -0.083129 -0.074183 -0.039081 -0.200856 -0.048183 0.031807 0.074520 -0.008141 -0.012724 -0.023806 -0.132445 -0.013978 -0.007394 -0.099290 -0.015716 -0.087057 0.038775 -0.081902 0.222541 0.085150 -0.092180 0.008899 0.204731 -0.329672 -0.035371 -0.012802 -0.028721 -0.032762 -0.153564 -0.269780 0.009642 -0.041785 0.029803 -0.146764 0.025409 -0.150324 0.122437 0.087735 0.061285 -0.116034 0.008224 -0.228343 0.205728 -0.145116 -0.374237 0.040334 0.013364 0.070321 0.215400 0.078176 -0.004253 -0.013175 -0.099967 -0.330660 0.092148 -0.094894 -0.102824 -0.128424 -0.124252 0.048587 0.119575 0.166073 0.260670 0.092770 0.049223 0.267492 0.028893 0.131429 0.162971 0.126111 -0.022147 -0.150931 -0.009806 -0.080646 -0.084491 0.072376 0.061524 -0.129828 0.363819 0.315027 0.080787 0.098622 0.077152 0.179184 -0.067838 0.023249 0.031986 0.185616 -0.004704 -0.010934 -0.030547 0.016752 0.193744 -0.300848 -0.336472 -0.221546 0.134419 -0.073857 -0.099755 -0.017421 -0.032384 -0.060712 0.066571 0.059530 -0.056235 0.004880 0.142732 0.175754 0.036608 0.026324 0.015127 0.070912 0.004908 -0.097122 0.065161 0.045478 -0.228308 0.047629 -0.013764 -0.022355 -0.004031 -0.086491 0.101376 -0.013674 -0.009431 0.010039 0.057921 0.026995 -0.071625 -0.057525 -0.072579 -0.177631 -0.286682 -0.214929 -0.122518 0.035375 -0.072076 -0.217638 0.119643 0.075710 0.171599 0.083596 0.053966 -0.035473 0.018229 -0.017217 -0.089782 0.100729 0.009364 -0.088369 -0.168468 -0.254915 -0.224688 -0.139282 -0.069426 -0.113849 0.101942 -0.021826 -0.127991 0.007100 -0.257420 0.110923 0.242224 0.008317 0.093153 -0.026454 -0.082036 -0.106316 0.138005 -0.162684 -0.187870 0.189132 0.094970 -0.017946 0.227917 0.236524 0.119914 0.139965 0.135078 -0.046709 0.209124 -0.061157 -0.094009 0.137876 -0.113385 -0.074673 -0.211852 0.109806 -0.000543 -0.169103 0.098788 -0.042759 0.017099 0.157952 -0.084558 -0.279583 -0.008162 -0.020179 -0.292770 0.073631 0.029012 -0.308521 0.025978 -0.042510 0.080123 0.202644 0.221730 0.073649 0.092684 0.064867 0.149769 0.023415 -0.003283 -0.502122 0.241652 0.052279 -0.100274 -0.005852 -0.052419 -0.267558 0.186650 -0.092983 -0.106159 -0.150988 -0.041167 -0.128598 0.017049 0.104822 0.273198 0.138856 0.097427 0.216554 0.331526 0.242724 0.024241 0.026634 -0.043082 -0.209887 -0.141323 0.134142 -0.075193 -0.026558 0.015875 -0.308286 -0.027642 -0.031519 -0.144372 0.194517 -0.107528 0.086392 0.037529 0.004560 0.062220 -0.029683 -0.105343 0.094549 -0.055577 -0.198634 -0.006269 0.116442 -0.132715 -0.025465 -0.108746 -0.245299 -0.188502 0.018126 0.014652 -0.142553 -0.111244 -0.042898 -0.165406 -0.145380 0.033183 -0.150517 -0.127025 0.014211 -0.144556 0.082432 0.000452 -0.141866 0.001429 0.016875 -0.286858 0.009737 0.020804 -0.119993 0.000342 -0.028273 -0.082784 0.014234 -0.020173 -0.079645 0.078492 0.048865 -0.164752 -0.012397 -0.064818 -0.179698 0.017612 -0.032726 -0.191546 -0.034870 -0.102364 0.080520 -0.136008 0.174844 -0.275308 -0.038310 0.089085 0.215284 -0.248096 -0.035408 -0.043938 0.159226 0.018257 0.048382 0.146845 -0.062040 0.034116 0.076779 -0.100145 -0.435167 0.218299 -0.012258 -0.139590 0.062504 -0.130320 0.163522 -0.035530 0.113064 0.047154 0.093727 0.131825 -0.362092 -0.095477 0.022221 -0.091918 0.085672 0.207371 -0.374055 -0.211975 0.084659 0.027646 -0.180272 -0.073128 0.109184 0.044781 0.055104 -0.081806 0.071818 -0.063922 -0.219345 -0.074341 0.030780 -0.009125 0.047807 0.038388 0.053474 -0.201685 0.088650 -0.060094 -0.232559 0.080643 0.112953 0.020431 0.041610 0.355010 -0.241716 0.005086 0.685813 0.183487 -0.135865 0.101601 -0.036981 -0.040098 -0.002133 0.235345 0.088532 0.498951 0.244332 -0.197911 -0.462141 -0.062474 0.269492 -0.548259 -0.171607 0.109630 -0.087093 -0.144339 0.003195 -0.087983 0.058113 0.053709 0.301185 0.106549 -0.024506 0.284894 0.065432 0.027554 0.024403 -0.053582 0.044369 -0.228540 -0.090139 0.020294 -0.081469 -0.100944 0.009871 0.068700 0.061411 0.063733 -0.321973 -0.133568 0.066778 -0.100587 -0.066104 -0.028596 0.044350 0.078268 0.066823 -0.491291 -0.192362 0.045136 0.005432 0.013400 -0.041381 0.043723 0.003291 0.019003 -0.227948 -0.299836 -0.043032 -0.173196 -0.110855 0.066594 0.007732 0.054353 0.009618 -0.433202 -0.161638 0.037235 -0.343955 -0.224652 -0.003616 -0.129439 -0.050134 0.087197 0.244543 0.178265 -0.267120 -0.127201 0.092814 -0.146506 -0.272756 -0.018967 -0.055633 -0.026760 0.049254 -0.097924 -0.077715 0.170332 0.125077 -0.017476 0.078109 -0.006700 0.005744 -0.115271 -0.063061 0.073141 0.002501 0.028429 0.082780 0.064593 -0.007812 0.012023 -0.331715 0.033866 -0.043984 0.026613 -0.121649 -0.347636 0.092774 -0.129521 -0.140844 -0.105402 -0.196023 0.015784 -0.177891 -0.100591 0.107094 -0.061539 -0.030830 -0.203413 -0.105382 0.323731 0.195797 -0.175093 -0.202307 -0.005089 0.165345 0.016978 -0.173345 -0.196295 0.037483 0.242257 -0.021401 -0.136870 0.112439 -0.095795 0.113805 0.594649 -0.251361 -0.192707 -0.037756 0.063475 0.210491 0.038833 -0.052179 0.018722 0.083199 0.106661 0.020384 0.491003 0.026988 -0.121943 0.194970 -0.026721 0.086954 0.132086 0.111870 -0.198138 -0.050735 -0.045112 0.055046 -0.088185 -0.008831 -0.012908 0.289863 0.196151 0.152335 0.074989 0.061487 -0.073695 -0.148079 -0.041056 -0.001803 -0.071929 -0.158754 -0.159807 0.034514 0.023596 -0.008161 0.008594 -0.077911 0.044656 -0.070730 -0.173363 -0.159988 -0.308484 -0.094732 -0.052138 -0.101412 0.087524 0.000255 -0.180596 0.057176 -0.075347 0.159403 -0.103640 0.054070 0.134407 -0.091201 -0.031999 -0.253097 -0.214329 -0.174283 -0.061894 -0.105825 -0.017891 -0.028833 -0.087023 0.094273 -0.181659 -0.241451 -0.173560 -0.072995 -0.021972 -0.012435 -0.147145 -0.032372 -0.044368 -0.026253 -0.079657 0.154901 0.094555 -0.091456 -0.132229 -0.029226 0.008605 -0.161829 -0.311027 -0.143894 -0.097789 -0.173636 -0.189411 -0.130585 -0.163328 -0.203547 -0.104803 0.470894 0.161611 0.063362 0.211246 0.079878 0.101721 -0.136869 -0.061775 0.010144 0.087034 0.075976 -0.037160 0.029246 -0.007008 0.079465 0.120561 0.109876 0.099091 0.274017 0.165834 0.123237 0.162511 0.064091 -0.072652 0.181834 -0.054794 0.046609 0.096595 -0.026614 -0.019638 0.020693 -0.127539 -0.080838 0.093560 -0.069925 -0.185655 0.238832 0.223501 -0.041985 -0.023946 0.001184 -0.174049 0.295897 0.213381 -0.036056 -0.426225 0.075768 0.062716 0.058688 0.110978 0.284484 -0.200142 0.151371 0.231575 -0.040046 -0.053735 0.084398 -0.187520 -0.183938 -0.090638 0.134650 0.097740 0.274101 -0.018430 -0.024274 -0.168628 0.019324 0.123320 0.111582 -0.044354 0.016493 0.160883 -0.158074 -0.066632 -0.054570 0.056129 0.085418 -0.025431 -0.054815 0.033327 0.029599 0.203301 0.362022 0.172800 0.113342 0.094942 0.025243 0.200221 0.194203 -0.040385 0.159566 0.046130 -0.119042 0.120038 -0.032272 -0.148975 0.018860 -0.027625 -0.057067 0.229427 0.020900 -0.143807 0.296210 0.120717 -0.001266 0.273395 0.000201 -0.076152 0.205314 0.074563 -0.095672 0.146024 0.002070 -0.071905 0.140472 0.029622 -0.082632 -0.031928 0.034061 0.004195 0.049798 0.054761 0.052949 -0.007979 -0.059014 -0.127338 -0.122992 -0.308585 -0.176527 0.008840 -0.080059 0.065550 -0.181955 -0.222126 0.014131 -0.145449 -0.099539 -0.172288 -0.007445 -0.019787 -0.192489 0.004556 -0.064481 -0.273068 0.202270 0.025603 0.102676 0.015173 -0.065103 0.112365 -0.044550 0.042737 0.021656 0.086506 -0.023412 -0.076264 -0.011448 0.005214 0.005283 -0.214003 -0.084534 -0.023075 -0.045747 0.043985 0.077965 -0.076482 -0.039314 -0.057607 0.012338 0.038444 0.053003 0.060280 0.046444 -0.082553 -0.016668 -0.029241 -0.130053 -0.073356 0.082370 -0.157121 0.174558 0.037480 0.140383 -0.069249 -0.084560 -0.036171 -0.003833 -0.060745 0.177689 -0.025638 0.062565 0.059723 -0.031455 -0.030566 0.122946 -0.035836 -0.043943 0.167482 0.077376 -0.002168 0.162580 0.084015 0.003266 0.021413 -0.012962 -0.081416 0.076546 0.000807 -0.003532 -0.079439 0.009929 0.023639 0.076709 -0.030744 0.065553 -0.103274 -0.083171 -0.056713 -0.129185 0.007404 0.007057 -0.107930 -0.063858 -0.081790 -0.138986 -0.055426 0.074978 -0.028133 0.035768 0.012080 0.004480 0.022731 0.008843 0.057540 0.035796 -0.021784 0.018594 -0.052685 -0.050215 0.020019 0.099687 -0.018421 0.048128 0.026739 -0.011881 -0.046843 0.074643 -0.052832 -0.012292 -0.018105 -0.043556 -0.016133 0.020741 0.054352 -0.072992 -0.049156 -0.040077 -0.139780 0.061796 -0.027058 -0.061973 -0.070224 -0.027904 0.039044 -0.068706 0.014805 0.037314 -0.104508 -0.036184 -0.079388 -0.037282 -0.172642 -0.163788 0.070879 -0.010790 -0.006550 -0.079319 -0.171119 -0.111748 -0.061804 -0.070263 0.032236 -0.053764 -0.069114 0.028742 -0.006207 -0.042939 -0.060391 -0.069895 0.020311 0.028719 -0.074944 -0.013718 0.087218 -0.031394 0.063135 0.000329 0.023152 -0.117884 -0.097268 -0.062578 -0.040780 -0.042458 -0.022079 -0.189687 0.016640 -0.005623 -0.042708 -0.007836 -0.009714 0.010415 -0.043455 -0.045268 0.005033 -0.066299 -0.081118 -0.070109 0.156826 -0.030803 -0.123796 -0.076498 -0.032331 -0.072255 -0.058351 -0.050784 0.031862 -0.050253 -0.009748 -0.052109 -0.117511 -0.072665 -0.076167 -0.024031 0.094395 0.083376 0.005273 -0.062062 0.005271 -0.008886 0.089285 -0.056021 0.080274 0.226127 0.175330 0.174795 0.051856 0.116666 0.118183 -0.090732 -0.008089 -0.114782 0.076502 0.013579 -0.041761 0.020348 0.011985 -0.009121 0.028834 -0.108343 0.030600 -0.054010 0.014397 0.017833 -0.043865 -0.052697 -0.001126 -0.055502 -0.069987 -0.093727 -0.046312 -0.005391 -0.135893 0.012466 -0.060480 0.027481 -0.013010 -0.047041 -0.079503 -0.081924 -0.009195 -0.004309 -0.060641 -0.072290 -0.004067 0.027072 0.024200 0.068834 -0.085229 -0.074634 -0.032997 -0.056698 -0.070230 -0.054853 -0.185815 -0.098728 -0.123126 -0.003546 0.001313 -0.074584 0.016545 -0.027196 -0.074055 0.037566 0.004101 -0.011306 0.042384 -0.023327 0.044625 -0.000327 -0.041213 -0.024000 -0.012317 -0.041031 -0.035513 0.016805 0.055647 -0.049250 -0.065688 0.019466 -0.168240 -0.020971 0.008156 -0.008717 0.014192 0.063051 -0.038560 0.029265 0.039708 0.005649 0.028922 0.257883 0.222842 0.205125 0.112425 0.023031 -0.168713 -0.010214 -0.054338 -0.138087 0.054761 -0.179792 0.134458 -0.094823 0.103485 0.278559 0.049976 0.031623 -0.676734 0.114035 -0.110485 -0.100604 -0.022830 -0.028349 -0.261228 -0.077584 -0.058527 -0.149743 -0.072602 -0.175945 0.045362 0.147391 0.037087 -0.070132 0.034672 0.181332 -0.035352 -0.150835 -0.040119 0.174753 -0.081483 0.144166 0.025521 0.044619 0.003874 0.012538 -0.161876 -0.158226 0.059040 0.021682 -0.029805 0.198886 -0.098320 -0.260254 0.280449 -0.074410 0.160607 -0.297326 0.021571 0.049235 0.047022 -0.223067 0.079024 0.837661 0.336824 -0.126740 0.032412 -0.073332 0.016163 0.037096 0.080118 -0.037606 -0.321663 0.011738 -0.163020 0.005209 -0.102178 -0.114553 0.260099 0.127625 0.059783 0.257729 0.187481 0.070215 -0.074823 -0.015047 0.014175 0.000658 -0.042676 -0.072455 -0.204449 -0.134299 -0.085749 -0.047232 0.012047 0.005684 -0.107788 -0.180582 -0.014619 -0.404544 -0.237230 -0.051041 -0.104365 -0.125995 -0.100385 -0.020797 -0.127749 -0.066944 -0.081705 -0.137539 0.036814 0.023813 0.025156 -0.002760 -0.222409 -0.218013 -0.171098 -0.324910 -0.225064 -0.152886 -0.124549 -0.097794 -0.019254 -0.183361 -0.047392 -0.059534 -0.360087 -0.226935 -0.108769 -0.055088 -0.060637 -0.124724 0.113852 -0.105223 0.084268 0.133784 -0.058602 0.012774 0.060230 -0.049875 0.043873 -0.167277 -0.049358 -0.030727 -0.230167 0.049976 0.243398 -0.022019 0.092734 0.025787 0.043318 -0.028926 -0.064122 -0.048380 -0.185536 -0.054292 0.053766 -0.039581 -0.173748 -0.011343 0.131845 -0.001031 -0.055155 -0.133446 0.229473 0.048742 0.087902 0.144356 0.022415 -0.007443 -0.081352 0.085198 -0.235886 -0.281159 -0.116722 -0.114398 -0.003687 0.070040 -0.000274 0.271082 0.002770 -0.070156 0.257096 0.069292 0.189098 -0.002258 0.050307 0.074380 0.044341 0.022963 -0.244125 -0.378780 -0.184159 -0.076674 -0.149479 0.259645 0.071458 -0.030624 0.290921 0.019581 0.158540 0.098572 -0.158570 0.031107 -0.013945 0.255950 0.345230 -0.179784 0.150457 -0.222481 0.046596 0.350860 0.058660 -0.051932 -0.009692 -0.174677 -0.042711 -0.064723 -0.233814 -0.028995 -0.108252 0.013060 -0.027554 0.019916 0.114988 0.093240 0.038971 0.192422 0.221923 0.169979 0.064948 0.043329 0.025070 0.010275 -0.032238 -0.146033 -0.147445 0.083327 0.103992 -0.028938 0.050813 0.027045 -0.131373 -0.116721 -0.242898 -0.270527 0.005502 0.068950 0.120899 -0.111495 -0.174320 -0.246590 -0.160550 -0.078576 -0.028988 0.236356 0.191419 -0.001522 -0.013861 -0.100971 -0.204523 -0.138917 -0.272652 -0.279637 0.061160 0.150454 0.077651 0.073284 -0.038577 -0.026166 -0.152386 -0.340920 -0.299497 -0.366912 -0.336696 0.072526 -0.015784 0.070229 0.124988 0.052476 0.389734 -0.006331 0.148226 0.036105 -0.225557 0.107202 -0.022554 -0.056117 0.068265 -0.066143 0.008793 -0.158045 0.032995 -0.373491 -0.191027 -0.199622 -0.076686 -0.282249 -0.291603 -0.053612 -0.009866 0.102532 0.279063 0.026685 0.057235 -0.004189 0.093153 -0.057851 -0.236044 0.111042 -0.012387 -0.044686 -0.062722 -0.146436 -0.373788 -0.004982 0.057848 -0.071205 -0.173074 -0.137120 -0.230812 -0.014449 0.039253 -0.093363 0.069081 0.050724 -0.209009 -0.113275 0.240489 0.172860 0.008298 0.363129 -0.007201 -0.070454 0.060560 -0.060965 0.179938 0.262833 -0.074031 0.235287 0.149504 0.118508 -0.052892 0.067220 -0.013712 0.253972 -0.094518 -0.288557 -0.044765 0.087291 0.121847 0.107895 0.081270 -0.101813 0.246036 -0.038728 -0.024400 -0.185590 0.034140 0.022796 0.215797 -0.157526 -0.203118 -0.041974 -0.341860 -0.315043 -0.020048 -0.264008 -0.197859 -0.013649 -0.103084 -0.117773 0.219224 0.049749 0.003819 0.058687 -0.191378 -0.281813 0.117067 -0.101539 -0.038170 0.208606 -0.103619 -0.282589 0.038620 -0.355752 -0.242820 0.109222 -0.029634 0.075091 0.141907 -0.005082 0.025324 0.050672 0.015185 -0.004102 -0.123687 0.003027 0.158172 -0.054990 -0.236394 -0.047541 -0.009654 -0.159697 0.001856 -0.060523 -0.154213 -0.132067 0.105400 0.015396 -0.140083 0.001463 0.012167 0.018920 0.117224 0.130093 0.047200 0.243724 0.138934 -0.186428 -0.136954 0.055236 -0.003751 0.007630 0.026244 0.035989 0.025326 -0.013670 0.098259 -0.048296 -0.079919 0.074781 -0.110281 -0.033278 -0.064535 -0.052498 -0.069255 0.034556 0.130659 -0.072863 -0.009075 0.277737 -0.010799 0.032891 -0.026783 0.011200 0.080003 -0.173254 -0.221495 0.069308 0.364702 -0.298030 0.255933 -0.129993 0.026645 0.052085 -0.155924 0.006745 -0.009924 -0.206582 -0.167429 -0.143927 0.094737 0.062928 0.075905 0.160380 0.090045 0.031129 0.148018 0.179343 0.143435 0.062760 -0.020899 -0.001347 0.004983 -0.055471 -0.160035 0.028154 -0.194055 0.093938 -0.101331 0.005690 0.018795 0.090768 -0.045891 -0.123782 0.294759 0.043726 -0.224346 -0.037316 0.131884 0.282110 -0.198622 0.098973 0.190254 -0.043462 -0.103551 0.349332 -0.434527 0.141391 -0.069801 -0.451222 -0.028561 -0.298099 -0.215951 0.048841 0.212864 -0.010878 0.011901 0.045232 -0.001813 -0.072984 0.042047 0.083492 -0.023487 0.015136 -0.006277 0.058343 -0.072140 0.108814 -0.011930 -0.059342 0.030676 -0.102966 -0.261548 -0.021714 -0.000156 -0.014964 0.110598 -0.021392 -0.027445 0.133766 -0.035600 -0.023117 -0.079689 -0.070022 -0.045484 -0.172125 -0.200653 -0.157640 -0.260057 -0.256766 -0.395186 0.020823 0.040231 -0.017450 0.085375 -0.032582 -0.001270 0.085260 -0.018263 0.068525 -0.018935 -0.099675 -0.014685 -0.151451 -0.139049 -0.071237 -0.208203 -0.179742 -0.130400 -0.159461 -0.061113 0.130124 -0.124202 -0.039834 0.025532 0.170667 0.049589 0.151850

layer: conv3 bais(32)
-0.089741 1.731508 1.294244 -1.777201 0.396598 0.534241 1.345307 0.771876 0.787742 0.312398 -0.379256 -0.294949 1.863388 0.814897 1.500016 -1.515481 -0.715581 -0.484145 -0.613898 1.469964 1.371898 0.799049 0.919410 0.883964 0.851229 0.996244 -0.318697 -0.215980 0.912542 0.597196 0.770932 0.385240
第3个RELu,输出图形大小1*32*1*1，
layer: PReLU3 weight(32)
0.052782 -0.051092 0.092157 -0.357235 -0.330204 -0.133615 -0.005072 0.054610 -0.020330 -0.024305 0.088122 -0.298676 -0.240164 0.154765 0.187557 -0.071924 -0.233219 0.242342 0.284274 -0.029132 -0.412646 -0.020593 -0.088577 -0.201738 0.003884 0.687832 0.314091 0.247452 0.062837 -0.184180 -0.131910 0.224503




第4个卷积层，并列的，输出图形大小1*2*1*1
layer: conv4-1 weight(64)
0.072511 0.117792 -0.556144 0.051560 0.185822 -0.037323 0.135413 -0.060478 -0.455433 0.313242 0.186989 -0.306009 0.018781 0.123265 0.360059 0.202651 0.368453 -0.001883 -0.296884 0.181225 -0.360951 -0.079781 -0.140764 -0.181552 -0.296242 0.247635 0.258857 -0.016117 -0.356732 -0.205728 0.114280 0.634373 -0.342884 -0.288781 0.179281 -0.343183 -0.243206 0.413078 -0.248983 -0.235375 0.204416 -0.116794 -0.478733 0.243536 -0.505043 0.018334 -0.203342 -0.369456 -0.136155 -0.226551 0.104038 -0.258832 0.206178 0.429571 0.457669 0.318273 0.554305 -0.331395 -0.416961 0.149952 0.577524 0.302908 -0.210975 -0.041370

layer: conv4-1 bais(2)
0.000530 -0.000508
第4个卷积层，并列的，输出图形大小1*4*1*1
layer: conv4-2 weight(128)
-0.005870 0.015571 0.005003 -0.003944 0.002900 0.034314 -0.002520 -0.018843 -0.014383 -0.010140 0.002019 0.006581 -0.006122 -0.009227 -0.000490 0.002741 -0.008608 0.198162 -0.044809 -0.048052 0.002380 -0.000880 -0.010912 0.006155 -0.004870 0.002578 -0.039007 -0.158926 0.003941 0.007065 0.005106 0.030155 -0.008644 0.009465 0.005073 -0.007576 0.000782 0.001792 -0.055285 0.040634 -0.006000 -0.016816 -0.003970 0.010911 0.000678 0.075716 0.000194 0.007050 -0.006151 0.192200 -0.126897 -0.015194 0.005650 -0.004341 -0.019993 0.009478 -0.003947 0.007743 -0.094134 0.091572 0.004043 0.004578 0.003089 -0.023155 0.004609 0.018492 -0.008931 0.010024 0.004117 0.006941 0.008713 -0.099257 0.014482 0.004391 0.016492 -0.005597 0.005003 0.009737 0.001330 0.001356 0.009439 0.071269 0.136190 -0.004529 -0.004970 0.002164 0.008081 -0.004359 0.004371 0.023822 -0.140253 -0.054614 -0.001354 -0.004032 -0.001179 0.046909 0.005949 0.015567 -0.007865 0.009068 0.002348 -0.034922 -0.045422 -0.039146 0.039347 -0.000091 0.019363 -0.011810 0.009478 0.117788 0.001411 0.005314 0.006146 -0.057950 -0.048868 0.025460 -0.007305 0.008335 0.005434 -0.005966 0.010837 0.021893 -0.131173 0.156970 0.003240 -0.007253 -0.004159 0.018484

layer: conv4-2 bais(4)
0.021561 -0.042850 -0.061072 -0.012188
